---------------------------------------------
 Washing Machine Controller Simulation
---------------------------------------------
Time | Reset Start | Wash Rinse Spin Done
---------------------------------------------
   0 |   1     0   |   0     0     0    0
  10 |   0     1   |   0     0     0    0
  15 |   0     1   |   1     0     0    0
  20 |   0     0   |   1     0     0    0
  25 |   0     0   |   0     1     0    0
  35 |   0     0   |   0     0     1    0
  45 |   0     0   |   0     0     0    1
  55 |   0     0   |   0     0     0    0
---------------------------------------------
Simulation Completed Successfully.
---------------------------------------------